90,50
00:00,0,25
-45,25,0,25,-10,20,-10,21,-10,22,-10,23,-10,24,-10,25,-10,26,-10,27,-10,28
45,25,10,20,10,21,10,22,10,23,10,24,10,25,10,26,10,27,10,28,10,29
00:01,-5,25
-45,25,15,25,-10,20,-10,21,-10,22,-10,23,-5,24,-10,25,-10,26,-10,27,-10,28
45,25,10,20,10,21,10,22,10,23,10,24,10,25,10,26,10,27,10,28,20,29
00:02,10,25
-45,25,20,25,-10,20,-10,21,-10,22,-10,23,-5,24,-10,25,-10,26,-10,27,-10,28
45,25,10,20,10,21,10,22,10,23,10,24,10,25,10,26,10,27,10,28,15,29
00:03,15,25
-45,25,20,25,-10,20,-10,21,0,22,-10,23,-5,24,-10,25,-10,26,-10,27,-10,28
45,25,10,20,10,21,10,22,10,23,10,24,10,25,10,26,10,27,10,28,15,25
00:04,0,25
-45,25,15,26,-10,20,-10,21,10,22,-10,23,-5,24,-10,25,-10,26,-10,27,-10,28
45,25,10,20,10,21,10,22,10,23,10,24,10,25,10,26,10,27,10,28,15,25
00:05,-5,24
-45,25,20,26,-10,20,-10,21,20,22,-10,23,-5,24,-10,25,-10,26,-10,27,-10,28
45,25,10,20,10,21,10,22,10,23,10,24,10,25,10,26,10,27,10,28,15,25
00:06,10,25
-45,25,15,26,-10,20,-10,21,-10,22,-10,23,-5,24,-10,25,-10,26,-10,27,-10,28
45,25,10,20,10,21,10,22,10,23,10,24,10,25,10,26,10,27,10,28,15,25
